#
#
#

mtllib box_stack.mtl


#
# Siatka 
#
g Siatka 


#
# Siatka _mat_bot
#
usemtl Siatka _mat_bot

v -0.256993 2.545798 -0.198951
v 0.207537 2.545058 -0.257533
v 0.206698 2.076849 -0.258273
v -0.257832 2.077589 -0.199691
v 0.266118 2.544218 0.206997
v 0.265279 2.076010 0.206257
v -0.198412 2.544958 0.265580
v -0.199251 2.076750 0.264839
v -0.090690 2.072846 -0.745326
v 0.752315 2.070301 -0.091131
v 0.750402 1.003234 -0.092818
v -0.092603 1.005780 -0.747013
v 0.098118 2.070141 0.751876
v 0.096205 1.003075 0.750189
v -0.744887 2.072686 0.097681
v -0.746800 1.005620 0.095994
v 0.868817 1.000209 -1.115679
v 1.119050 0.996624 0.868602
v 1.115464 -1.003371 0.865440
v 0.865231 -0.999785 -1.118840
v -0.865231 0.999785 1.118840
v -0.868817 -1.000209 1.115679
v -1.115464 1.003371 -0.865440
v -1.119050 -0.996624 -0.868602
vn 0.992140 -0.001581 -0.125119
vn 0.125116 -0.001793 0.992140
vn -0.992140 0.001581 0.125119
vn -0.125116 0.001793 -0.992140
vn -0.001793 -0.999997 -0.001581
vn 0.001793 0.999997 0.001581
vt 0.000000 1.000000
vt 1.000000 1.000000
vt 1.000000 0.000000
vt 0.000000 0.000000
f 17/1/1 18/2/1 19/3/1 20/4/1
f 18/1/2 21/2/2 22/3/2 19/4/2
f 21/2/3 23/1/3 24/4/3 22/3/3
f 23/2/4 17/1/4 20/4/4 24/3/4
f 20/4/5 19/1/5 22/2/5 24/3/5
f 23/3/6 21/2/6 18/1/6 17/4/6

#
# Siatka _mat_mid
#
usemtl Siatka _mat_mid

v -0.256993 2.545798 -0.198951
v 0.207537 2.545058 -0.257533
v 0.206698 2.076849 -0.258273
v -0.257832 2.077589 -0.199691
v 0.266118 2.544218 0.206997
v 0.265279 2.076010 0.206257
v -0.198412 2.544958 0.265580
v -0.199251 2.076750 0.264839
v -0.090690 2.072846 -0.745326
v 0.752315 2.070301 -0.091131
v 0.750402 1.003234 -0.092818
v -0.092603 1.005780 -0.747013
v 0.098118 2.070141 0.751876
v 0.096205 1.003075 0.750189
v -0.744887 2.072686 0.097681
v -0.746800 1.005620 0.095994
v 0.868817 1.000209 -1.115679
v 1.119050 0.996624 0.868602
v 1.115464 -1.003371 0.865440
v 0.865231 -0.999785 -1.118840
v -0.865231 0.999785 1.118840
v -0.868817 -1.000209 1.115679
v -1.115464 1.003371 -0.865440
v -1.119050 -0.996624 -0.868602
vn 0.613079 0.000150 -0.790022
vn 0.790020 -0.002386 0.613077
vn -0.613079 -0.000150 0.790022
vn -0.790020 0.002386 -0.613077
vn -0.001793 -0.999997 -0.001581
vn 0.001793 0.999997 0.001581
vt 0.003117 1.000000
vt 1.003117 1.000000
vt 1.000000 0.000000
vt 0.000000 0.000000
vt 0.000000 1.000000
vt 1.000000 1.000000
f 33/5/7 34/6/7 35/7/7 36/8/7
f 34/9/8 37/10/8 38/7/8 35/8/8
f 37/10/9 39/9/9 40/8/9 38/7/9
f 39/10/10 33/9/10 36/8/10 40/7/10
f 36/8/11 35/9/11 38/10/11 40/7/11
f 39/7/12 37/10/12 34/9/12 33/8/12

#
# Siatka _mat_top
#
usemtl Siatka _mat_top

v -0.256993 2.545798 -0.198951
v 0.207537 2.545058 -0.257533
v 0.206698 2.076849 -0.258273
v -0.257832 2.077589 -0.199691
v 0.266118 2.544218 0.206997
v 0.265279 2.076010 0.206257
v -0.198412 2.544958 0.265580
v -0.199251 2.076750 0.264839
v -0.090690 2.072846 -0.745326
v 0.752315 2.070301 -0.091131
v 0.750402 1.003234 -0.092818
v -0.092603 1.005780 -0.747013
v 0.098118 2.070141 0.751876
v 0.096205 1.003075 0.750189
v -0.744887 2.072686 0.097681
v -0.746800 1.005620 0.095994
v 0.868817 1.000209 -1.115679
v 1.119050 0.996624 0.868602
v 1.115464 -1.003371 0.865440
v 0.865231 -0.999785 -1.118840
v -0.865231 0.999785 1.118840
v -0.868817 -1.000209 1.115679
v -1.115464 1.003371 -0.865440
v -1.119050 -0.996624 -0.868602
vn -0.125116 0.001793 -0.992140
vn 0.992140 -0.001581 -0.125119
vn 0.125116 -0.001793 0.992140
vn -0.992140 0.001581 0.125119
vn -0.001793 -0.999997 -0.001581
vn 0.001793 0.999997 0.001581
vt 0.000000 1.000000
vt 1.000000 1.000000
vt 1.000000 -0.000000
vt 0.000000 -0.000000
f 49/11/13 50/12/13 51/13/13 52/14/13
f 50/11/14 53/12/14 54/13/14 51/14/14
f 53/12/15 55/11/15 56/14/15 54/13/15
f 55/12/16 49/11/16 52/14/16 56/13/16
f 52/14/17 51/11/17 54/12/17 56/13/17
f 55/13/18 53/12/18 50/11/18 49/14/18
